D0(RATO) 0 0 0 0  0 0 1 1  1 1 0 0  0 0 0 0 -- доступ процессора к памяти
D1(RAS)  1 0 0 0  0 0 0 1  1 0 0 0  0 0 0 1
D2(CAS)  1 1 1 0  0 1 0 0  1 1 1 0  0 0 0 0
D3(MX1)  1 1 0 0  0 0 0 1  1 1 0 0  1 1 1 1
D4(MX2)  1 1 1 1  1 1 1 1  0 0 0 0  0 0 0 0 -- =750кГц
D5(FR6)  1 1 1 1  0 1 1 1  1 1 1 1  1 1 1 1 -- чтение первой пары регистров
D6(FR7)  1 1 1 1  1 1 0 1  1 1 1 1  1 1 1 1 -- чтение второй пары регистров
D7(FR1)  1 1 0 0  0 1 1 1  1 1 1 1  1 1 1 1 -- 13-й бит адреса
         ^^^^^^^^^^^^^^^^  ^^^^^^^^^^^^^^^^
               Экран              ОЗУ
